nr of obs       number of params to optimise  post chi squared without ensemble       prior costf without ensemble        post costf without ensemble  post chi squared of member with lowest post costf      prior costf of member with lowest post costf       post costf of member with lowest post costf
      280                                 12                 2.2660570125473622                 170829.65862981218                  661.6886476638298                                 2.2660570125473622                                170829.65862981218                                 661.6886476638298

 optimal state without ensemble:
                              h                    alpha                  sca_sto                       wg               gammatheta                   gammaq                      CO2                   advCO2                      z0m                      z0h                    FracH         obs_sca_cf_CO2mh
               379.057775877493      0.18802901281959672       1.1155772544684073                    0.101    0.0030579623225728447   -8.257863119070628e-07        357.8071990692642    0.0003644344632553143      0.08108231263723835     0.012636407512635438       0.3917629371341314       1.1790731118304179
    optimal state with ensemble:
               379.057775877493      0.18802901281959672       1.1155772544684073                    0.101    0.0030579623225728447   -8.257863119070628e-07        357.8071990692642    0.0003644344632553143      0.08108231263723835     0.012636407512635438       0.3917629371341314       1.1790731118304179
   index member with best state:
                              0
      post costf parts of member
         with lowest post costf:
                              h                        q                        H                       LE                      Tmh                     wCO2                    CO2mh               Background
              86.62049411253471        84.28476470903048        85.23747947861207        84.85184724453653        83.68084754215319         84.6953966109467        123.9291980519861       28.388619914030258
    chi squared for those parts:
              2.165512352813368        2.107119117725762       2.1309369869653016       2.1212961811134132         2.09202118855383       2.1173849152736675       3.0982299512996527       2.3657183261691883
     costf parts prior member 0:
                              h                        q                        H                       LE                      Tmh                     wCO2                    CO2mh               Background
              691.0121340343727        91.93988031999453       1261.3518211264436        664.2085466097735       314.12577698517447        4143.519051246772       163663.50141948965                      0.0

Normalised deviation from unper-
    turbed prior for best state:
                              h                    alpha                  sca_sto                       wg               gammatheta                   gammaq                      CO2                   advCO2                      z0m                      z0h                    FracH         obs_sca_cf_CO2mh
             -1.354711120612535      -1.7464732478693554       0.4103848363122715     -0.26000000000000006      -0.6473458924757184        0.724737896030979      -0.4438560186147163       -4.536542747453834     -0.18917687362761657       0.2636407512635438      -1.0411853143293428       0.5969103727680596
     model_variance/obs_variance
                 for best state:
                              h                        q                        H                       LE                      Tmh                     wCO2                    CO2mh
             0.8684434980219077      0.17990304288664336       0.4565138730227888       0.4869887061871128       0.7201395092247169      0.24785597420282116       0.9285781281901081
     model_variance/obs_variance
                      for prior:
                              h                        q                        H                       LE                      Tmh                     wCO2                    CO2mh
            0.22487014370567462      0.27898063270315093      0.15811803930422105      0.10202972386606038       0.5333093734940693     0.019428923475095138        5.152909719105139
        Mean bias error(mod-obs)
                 for best state:
                              h                        q                        H                       LE                      Tmh                     wCO2                    CO2mh
              6.326785173439933  -1.2659435569699817e-06      0.22031005140157306       0.8186017791371949     -0.06473275186478986    0.0004284159664003417     0.019121615338804077
 Mean bias error prior(mod-obs):
                              h                        q                        H                       LE                      Tmh                     wCO2                    CO2mh
            -263.14719141026495    0.0001292249577202073       -135.0617682733272       -92.14036852969444      -1.5347423070423702        0.401722206074577       125.72292391111827
         Root mean squared error
                 for best state:
                              h                        q                        H                       LE                      Tmh                     wCO2                    CO2mh
             147.15679912302278    0.0005806367701378563        36.49432307706657        36.41167550657183          0.9401483671017      0.05820494707873092        3.520357908678976
         Root mean squared error
                      for prior:
                              h                        q                        H                       LE                      Tmh                     wCO2                    CO2mh
             415.63569806814377    0.0006064317944171283       140.38740044997158         101.873738229132       1.8215250531919414        0.407112714183518       127.93103666409087

  estim post state covar matrix:
                                                       h                    alpha                  sca_sto                       wg               gammatheta                   gammaq                      CO2                   advCO2                      z0m                      z0h                    FracH         obs_sca_cf_CO2mh
                              h         2840.10747631729     -0.06366343196442281      0.29108147609911034     -0.24798963713032976     0.013451969420987796   -2.269920166877332e-05      -436.02512091502507   -0.0009748669677308466        2.454345526036385      0.18276303234550104       1.4058094429109118      -1.2813348854877116

                          alpha     -0.06366343196442281    9.811421874911377e-05    0.0004221859429580286  -0.00011943669121685158   -7.660000726979048e-07   1.6960448786809973e-09     -0.14577924210349058    7.511761382158198e-07   0.00016922765529925405    1.695998892849232e-05   -0.0002285236757688921   -0.0005145163156594078

                        sca_sto      0.29108147609911034    0.0004221859429580286     0.015511863107123783    -0.005909251244915563   -5.144897679200791e-06   5.1825817264603645e-09       -4.574348636044348    2.164955742102394e-05     0.003964034359130549   -7.294613676137569e-05    -0.008212139608818878      -0.0158622817057372

                             wg     -0.24798963713032976  -0.00011943669121685158    -0.005909251244915563     0.007100444394589511    8.787583722702009e-07    -2.22126417971758e-09       2.0365382775705307   -9.575850454524475e-06   -0.0006935190710285748    2.146426976730293e-05   0.00022606996773507393     0.007030867974118233

                     gammatheta     0.013451969420987796   -7.660000726979048e-07   -5.144897679200791e-06    8.787583722702009e-07    8.561314676717266e-08   -1.347049355036714e-10  -0.00024439040109265663  -2.1565535289971125e-08   1.0558624786293736e-05    1.166481689245794e-06    9.848377184917083e-06    1.260906965787589e-07

                         gammaq   -2.269920166877332e-05   1.6960448786809973e-09   5.1825817264603645e-09    -2.22126417971758e-09   -1.347049355036714e-10   2.3192668623754614e-13    7.713101041543706e-07    3.124604299869636e-11   -1.839768842060068e-08  -1.4631809760488563e-09  -1.2781841762700501e-08   1.0029881314331324e-09

                            CO2      -436.02512091502507     -0.14577924210349058       -4.574348636044348       2.0365382775705307  -0.00024439040109265663    7.713101041543706e-07       1469.3902960726966    -0.006453673789679014      -1.4200119140541363    -0.012579251503454882        2.084853439114234       5.0671148417198415

                         advCO2   -0.0009748669677308466    7.511761382158198e-07    2.164955742102394e-05   -9.575850454524475e-06  -2.1565535289971125e-08    3.124604299869636e-11    -0.006453673789679014    4.246886818589901e-08    1.914018538928223e-06  -1.5171013906922726e-07  -1.0744050200820882e-05  -2.2217071345954407e-05

                            z0m        2.454345526036385   0.00016922765529925405     0.003964034359130549   -0.0006935190710285748   1.0558624786293736e-05   -1.839768842060068e-08      -1.4200119140541363    1.914018538928223e-06     0.005532178813123682    8.679371376262504e-06   -0.0016669929801306077    -0.004830355807126884

                            z0h      0.18276303234550104    1.695998892849232e-05   -7.294613676137569e-05    2.146426976730293e-05    1.166481689245794e-06  -1.4631809760488563e-09    -0.012579251503454882  -1.5171013906922726e-07    8.679371376262504e-06    6.042812338992956e-05   0.00026077038653359925   -2.442235259851826e-05

                          FracH       1.4058094429109118   -0.0002285236757688921    -0.008212139608818878   0.00022606996773507393    9.848377184917083e-06  -1.2781841762700501e-08        2.084853439114234  -1.0744050200820882e-05   -0.0016669929801306077   0.00026077038653359925     0.007613106036517693     0.007389998093302519

               obs_sca_cf_CO2mh      -1.2813348854877116   -0.0005145163156594078      -0.0158622817057372     0.007030867974118233    1.260906965787589e-07   1.0029881314331324e-09       5.0671148417198415  -2.2217071345954407e-05    -0.004830355807126884   -2.442235259851826e-05     0.007389998093302519     0.017501033756088035

   estim post state corr matrix:
                                                       h                    alpha                  sca_sto                       wg               gammatheta                   gammaq                      CO2                   advCO2                      z0m                      z0h                    FracH         obs_sca_cf_CO2mh
                              h                      1.0     -0.12060260379490026      0.04385460456524443     -0.05522343031616821       0.8626770683786444      -0.8844388971313543      -0.2134398661809275     -0.08876517712560862       0.6191846924985833      0.44116536945407425       0.3023278316657146     -0.18174539329029288

                          alpha     -0.12060260379490026                      1.0       0.3422203351397271     -0.14309650384412329      -0.2642972265197801       0.3555461689205403     -0.38393802745020256      0.36799376906983405      0.22969802319595917      0.22026223196727251      -0.2644139028712384     -0.39264613316969393

                        sca_sto      0.04385460456524443      0.34222033513972716                      1.0      -0.5630639313906373     -0.14118043972967684       0.0864049884084107      -0.9581393928288311       0.8434934166785004      0.42791481628026845     -0.07534436224980255       -0.755689525918719      -0.9627240596563534

                             wg     -0.05522343031616821     -0.14309650384412329      -0.5630639313906372                      1.0      0.03564154160497155    -0.054737138048631166       0.6304943921963645      -0.5514412453105799      -0.1106541071581052     0.032768291545905374     0.030748162500354774       0.6307166940633099

                     gammatheta       0.8626770683786444      -0.2642972265197801      -0.1411804397296768      0.03564154160497155                      1.0      -0.9559560295808692    -0.021789402952193705       -0.357647067898132       0.4851645075841886       0.5128473811654954      0.38575672318722076     0.003257474034855698

                         gammaq      -0.8844388971313543       0.3555461689205403      0.08640498840841071    -0.054737138048631166      -0.9559560295808692                      1.0       0.0417816008202897      0.31483595296168365        -0.51361747738786      -0.3908437133610012     -0.30418453889809827     0.015743039361435153

                            CO2      -0.2134398661809275     -0.38393802745020256      -0.9581393928288311       0.6304943921963644    -0.021789402952193705       0.0417816008202897                      1.0      -0.8169643063511652      -0.4980527012877146     -0.04221498729528298       0.6233414505670531       0.9992181461134689

                         advCO2     -0.08876517712560862      0.36799376906983405       0.8434934166785005      -0.5514412453105799       -0.357647067898132       0.3148359529616837      -0.8169643063511652                      1.0      0.12487131692758131      -0.0947021217593911      -0.5975190363133321      -0.8149287037025764

                            z0m       0.6191846924985833      0.22969802319595914      0.42791481628026845     -0.11065410715810518      0.48516450758418866        -0.51361747738786      -0.4980527012877146      0.12487131692758131                      1.0     0.015011379807423644      -0.2568648787534591     -0.49090693406731706

                            z0h      0.44116536945407425       0.2202622319672725     -0.07534436224980255     0.032768291545905374       0.5128473811654954      -0.3908437133610012    -0.042214987295282974      -0.0947021217593911     0.015011379807423644                      1.0        0.384465856950619    -0.023748494981010837

                          FracH       0.3023278316657146     -0.26441390287123834       -0.755689525918719      0.03074816250035477      0.38575672318722076     -0.30418453889809827       0.6233414505670531      -0.5975190363133321     -0.25686487875345915      0.38446585695061897                      1.0       0.6402233886153544

               obs_sca_cf_CO2mh     -0.18174539329029288       -0.392646133169694      -0.9627240596563534       0.6307166940633099     0.003257474034855698      0.01574303936143515       0.9992181461134689      -0.8149287037025763     -0.49090693406731706     -0.02374849498101084       0.6402233886153544                      1.0

  Mean posterior state elements:
                              h                    alpha                  sca_sto                       wg               gammatheta                   gammaq                      CO2                   advCO2                      z0m                      z0h                    FracH         obs_sca_cf_CO2mh
              387.1170056570115      0.19046381534299991       1.1752765667398126      0.16390168032292496    0.0030486263063966494   -9.923060001634195e-07        346.1182761574287   0.00042043308650836883      0.11301974009293396     0.014217909571900863        0.304875960245981        1.139364009261318

 post/prior variance rat ensemb:
                              h                    alpha                  sca_sto                       wg               gammatheta                   gammaq                      CO2                   advCO2                      z0m                      z0h                    FracH         obs_sca_cf_CO2mh
            0.07358081564989485     0.006026399407182687      0.02077884742061255        1.043843969628548     0.012990385184861742     0.031772810578693626       0.6832102089901536       0.0272447988067039       0.7101509281525096        0.831244860939444      0.24075888025375225      0.19979338569461058

Nr of success mems (excl mem 0):
                             38

     optimised ensemble members:
number            minimum costf              chi squared    successful                        h                    alpha                  sca_sto                       wg               gammatheta                   gammaq                      CO2                   advCO2                      z0m                      z0h                    FracH         obs_sca_cf_CO2mh
     0        661.6886476638298       2.2660570125473622          True         379.057775877493      0.18802901281959672       1.1155772544684073                    0.101    0.0030579623225728447   -8.257863119070628e-07        357.8071990692642    0.0003644344632553143      0.08108231263723835     0.012636407512635438       0.3917629371341314       1.1790731118304179
     1       3361.7333428833103       11.512785420833255         False         602.670745528879        0.438827153056743        1.161219776370162      0.13920267259598185    9.754033797066818e-05    -6.28475045248793e-06        414.4451420874318    -0.000123631327715679      0.07080639363655726      0.05693234233411719       0.1587189779363301        1.384713067648434
     2        925.6532546819464       3.1700453927463914          True       383.69029209271025      0.19705016544521514       1.1463717830338496                    0.101     0.003008417659594296   -8.494046348159522e-07        347.0859519673474    0.0004090884180189725      0.05041638531411206     0.012324589424270286      0.37453090388926835        1.142373735607388
     3       3474.4068458028055       11.898653581516458         False        538.5217983747577      0.16475947618220704       1.6906624692842058      0.29922293751873663     -0.03809707958218832   2.6538572461092777e-06       263.96562852416116   -0.0002881996568106559      0.13276373146103942      0.15361062768443404       0.3711495132936671       0.7590531294821586
     4       12569.884927894173        43.04755112292525         False        709.3941768168485        0.748660545089583        1.776476425754474      0.15802233406977265     -0.03139352414249383  -1.1628837568406271e-06        395.9063540867712   -0.0020973268007761546      0.07466428501962391     0.024848887347924085       0.1886860907520036       1.3335250475709208
     5        2851.129938835283         9.76414362614823         False        678.9132664278203       0.3504909138037377        1.512888618950786       0.2955383961991529   -0.0026281892537116593  -2.1372496520865453e-06       295.86533961564055    6.064479770117142e-05      0.13144646622241557      0.05536502763511767      0.23432190883441878       0.9656227803847403
     6       13183.390785807165        45.14859858153139         False        790.9071639548646      0.47075812051686683       1.8559888283258328      0.22385655008845262      -0.0296427420762076   -5.936257105265405e-06       335.49253473609394     0.002352531951420573       0.1376240432333199     0.012027951780885372      0.44038101257172657       1.1316182041788325
     7        964.9626600173689       3.3046666438950987          True       369.53874297416496      0.17767176185190472       1.0732389331807841       0.2028148393618609     0.003029064210130129   -9.652452464524605e-07       383.13563714604754   0.00015964546528435839      0.07994095130123793     0.007020854939222658      0.28821487554041786       1.2621376889612919
     8        56308.62754808627       192.83776557563792         False        630.9941850578599       0.2304888072582909        2.119607553977442       0.1041007987060239    3.558744475722032e-05   -6.006952385237781e-06        425.4701364228351    -0.014634127085689697       0.1626634581181962     0.004429855428020996       0.6057681104162518       0.9334256280843916
     9        911.8101705117094         3.12263757024558          True       408.70954877197346       0.1900906173505335         1.22552197937347       0.2171342203358673     0.003151531827236953   -1.260395894535355e-06        327.0211623456723   0.00032709186924384536      0.29320148578486854     0.006719357181241379      0.21369070648672478        1.069407706690214
    10       1249.4709586386025       4.2790101323239815          True        662.9321171903379       0.1726230756862239        1.058006654150054      0.20882357904027668     0.004732653531876289  -3.7547391353837347e-06        348.8250294017355   -2.587077055324783e-05      0.31267802203394773      0.03538006032966885       0.4951101487960462       1.1697684921216518
    11       2257.1095240292266        7.729827137086392         False        779.8316382501384       0.2634085300552123       2.2307665523671947      0.46189997133931227   -0.0007680055505127181    2.352368270230293e-06       196.11435871859803    0.0006472853911688585       0.1774953989483895      0.10283907904310886       0.1511461822951215       0.6444392746858872
    12        933.0402060394359       3.1953431713679312          True        414.1673222686179      0.18049297443202988       1.2793957103943097                    0.101    0.0029350164742819496   -9.185709608210371e-07        315.3178913199074    0.0008194886094228654      0.08495022004200656     0.007923666051968854      0.26492149028447876        1.042342851718218
    13        897.4528146955387        3.073468543477872          True        416.3037702732952      0.21173823605605438       1.2737515853762886      0.13664049126773117    0.0031800126069851135   -8.546606770488658e-07        308.5714064435126    0.0005142399591531667      0.19640517783418876      0.03259326605762158       0.3229309122754007       1.0088073987302848
    14        5552.843886158324       19.016588651227135         False        752.1510160370525       0.5835401255044008       1.6735127714523994       0.1474266454207867    -0.000896574777614192  -2.0164717233521236e-06          321.00457251943     0.000386644236514752      0.07348550779835783     0.057434039681915766      0.07108646314049971       1.0780885888285336
    15        3492.813706141189       11.961690774456127         False        727.8920830204315      0.29354650543421645        1.776716922447422       0.2316951028391191    -0.036795110190654116   -8.746413544748354e-07       263.88460079722546   -0.0003826176177141649     0.038280342647357135       0.0943794583255703      0.29920609036395734       0.8196559115463029
    16       13071.538215032855         44.7655418323043         False       173.37335263165733       0.6650568133531554       1.8834304111406048      0.12470241643079702    0.0007283184416148284   -8.098695293905224e-06        362.2550365675454    0.0018903051870472346       0.2672031106409135      0.02841077820641339      0.44494472261623835       1.1911909302488075
    17        155715.2163225484        533.2712887758506         False         555.631254929129        0.399148493642722       0.7020314122738149      0.10718766672243579     -0.01119869579716455   -5.335180729848737e-06         465.526578222666    -0.025741612075367782       0.0926742633572691     0.015223664504299681       0.5736962091433659       0.7318126888412454
    18        957.5636270870655       3.2793274900241967          True        385.0785343298819      0.19618408290322945        1.287199129125277                    0.101    0.0029104109694435996  -1.0109381467207094e-06         317.780063332875    0.0006069657265770489      0.10798232838569514     0.009101035115803994      0.23147778055069174       1.0407818910223041
    19        994.3020879392678       3.4051441367783144          True        382.5259580584934       0.1732072297885449       1.0875637626057024      0.15085197227352176     0.002961588346968502     -8.4894836759177e-07       382.41518508034653    0.0003619191983985754       0.1026164835735106     0.006156177289360309        0.397468468411168       1.2656180717234344
    20       2461.7314866167494        8.430587282934074         False        694.2209227397146      0.32739634362222575        1.085310279780888      0.26515802419229695   -0.0008600994842632435   -1.720631522128486e-06        448.3955907297653   -0.0005188615747781932      0.03620998063341601      0.03389371366420352       0.3797484049149088       1.5000778937568062
    21       1048.1789793321805       3.5896540388088374          True       350.85394918576117      0.18552380306228963       1.0401713726443518      0.10556466431879227    0.0029672223629883996   -9.219508410002894e-07        383.6062833657287   0.00018381400057315648     0.022362599337963675     0.016665502840142326       0.4557084737684409        1.264734160786161
    22       41293.681758016464       141.41671834937145         False        785.4758041515577       0.6781645758712768         2.22370826157983      0.15395001375985004    0.0003899476067540829   -2.316280436166228e-06        350.6641614920001     0.011413761701579482      0.07023732856689463     0.007931135805843906       0.4894469266168053       1.5848429834715987
    23        4795.733213619499        16.42374388225856         False        638.5874020583442       0.5185340973163985       1.4172245653324058       0.3488939346721146    -0.002624971780554596   -2.190418834647555e-06        382.0730241561217   0.00028485219039510706      0.03580721123676722      0.04434454781514315       0.1313179881933068        1.271057818361837
    24        47161.62652820461       161.51241961713907         False        758.5531200671103       0.3855180367829419                     0.01      0.18166710518912055     -0.12415197603591503   1.8471897829056204e-06        278.4661366692593     0.006137304632940232      0.08931069568693627     0.010626354661173043       0.5016855561066825       0.9116035320945987
    25       2335.2678775648064        7.997492731386323         False        764.4187295190189       0.2638784379146057       0.9697062725162269      0.11910404807158437    -0.003108953276249322    3.313900180036856e-06       458.37050875418345   -0.0009772895620770525      0.18659039099977962      0.08156513838998126       0.8379103088228264       1.5312652928433774
    26        3197.386552871801         10.9499539481911         False        519.6817722396468       0.4081375518033923         1.54780795255971      0.19899331782782764   -0.0011013526256406455   1.4224463623042546e-07        305.0963953278163   0.00023431299860391877      0.16482873434987422     0.041478959792620104      0.16066169906385586       0.9880495598175556
    27        50001.29161790029       171.23730006130236         False        498.4891466780175       0.4528125889223852       0.9749982819994116      0.22490522348581737    -0.009542333806906944  -3.4980641518796582e-06       396.31261601637607     -0.01428839798420356       0.1287740962722036      0.11722400882515073      0.40422892082267775       0.8870440964626092
    28       1019.7204421406938       3.4921932950023757          True        411.1813308004705      0.19615384915768816       1.0743445278722756      0.35643677480758085     0.002874090921473798   -9.572903716822677e-07        378.2719709673403   0.00029074599546098656      0.11760552173988532     0.014397340998111099       0.2886813286817053        1.252747976075545
    29       3527.5612965593677       12.080689371778657         False         692.119332660757      0.30335561393652355       1.2092635961332974      0.19995195027933396    -0.044983343759324154    6.522905285662009e-07        387.7687664019428   -0.0009861882138465826      0.15463671558292227     0.006189334892108749      0.30530857865169714        1.237549473795891
    30          7227.5370681581        24.75183927451404         False       496.35324922596783       0.6457908337200878       1.9687613858207378       0.4182136992719079   -0.0006125879998165618  -3.1442075261444664e-06        310.6039187215226    0.0010410917845818444      0.08280007136619824     0.016349561199032362                      0.0       1.0344856333406092
    31       4573.2321660362495       15.661753993274827         False        648.4510382152789       0.4830767934223624       1.2573673969507055      0.18194904734314862    -0.010550922155906212  -1.8140549891061807e-06        416.5888704055234   -0.0005955410123416289       0.1274710842627121      0.02320492961261571      0.20257863728270853       1.3597302892287924
    32        5764.211313552966       19.740449703948514         False       1002.9441847368889       0.5309159800882263       1.9349889506002107      0.15526036445965086    -0.029979501879963698   -3.739674870704254e-06         310.411253845544   -0.0009050606075157515      0.16224541947121995      0.02902117506117941        0.138925431779521       1.0169816847412814
    33       3680.2089674688023       12.603455368043843         False       1373.9758843856994       0.2720803961604591       1.1570904182799087      0.23916302335464634    -0.021035925143157677    2.305818420339697e-06        352.2788251489081     -0.00199952033256944      0.19865868505670897     0.009012061290221439       0.4179518507100415       1.2038038931379667
    34        904.7082882705723        3.098316055721138          True        393.1432174675656       0.1944667695804756        1.113337584256202                    0.101     0.003040251915439258   -8.240882677584469e-07        349.0983368369699    0.0005876768775177416     0.031150525356786685     0.030396057755906185      0.44904618798467844        1.157662863547512
    35        912.0121838316854       3.1233293966838542          True       353.89477578836795      0.19644213690678505       1.0894060233830256      0.38174038594734394     0.002987136664698106   -6.619084426204149e-07        372.4336533212354    0.0003081078465052577      0.06468145730756475      0.02607559016306397      0.25839315686654896       1.2282522738007735
    36        6984.345933356505       23.918992922453786         False       343.70151073052807       0.4452770965517866       1.7759803992571381       0.3005456351585444    0.0011551171471588172   -7.012608509569483e-06        396.5187022277146     0.000155611268714175      0.16535763172813567   1.0000000000027348e-07      0.39818327484628224       1.3031360545607675
    37        940.2687589138253       3.2200984894309084          True        422.1674265796232      0.19873046964759342       1.3599624609314702                    0.101    0.0031011826401915114  -1.1035727798988042e-06         287.299939950861    0.0006532350171493729       0.2755270102457461      0.01183709683772302      0.19133149372225278       0.9353779924930078
    38       2055.2807580461513        7.038632733034764         False        704.8512401566427      0.25592456701251265        1.042036854335116      0.13758566651009208   -0.0023923535882176576    7.825886232122873e-07         395.604410348058    -0.000553609215087048      0.25153600358776623     0.027050048499480634       0.6682175398819442       1.3116797251527068
    39       125709.98410772279        430.5136442045301         False         676.579016138549       0.6167683272871382        2.031607159934631       0.2528658411175991    -0.010665709565556533   -3.916606433345533e-06        311.5476534063279     0.011840953768424986      0.09666535252868277   0.00030347106829328035       0.7806548348592885         0.59342347585212
    40        838.3533583637369        2.871073145081291          True       396.21535929965694        0.205460698125487       1.4327226849501482                    0.101      0.00299419565352398   -9.526206804433932e-07       279.28438492909373    0.0007589619498985698      0.14246562278759106     0.021103533925266964      0.19112407336643422       0.9092135340702954
    41       3471.8054616339095       11.889744731622978         False       415.24511416425776      0.39708803879300053       1.4585447898216444      0.18516307670457016    -0.002686177718102658   -2.729538688043469e-06        314.9610781203353   0.00043685082617096337      0.07780072057669035     0.055812453115735974       0.1364775782621312       0.9967486969292865
    42        47867.13926958712       163.92855914242165         False       441.47237237097215       0.5390130944929455       2.1533658141552605      0.28183280268548755   -0.0007241477466565973   -3.798039505164095e-06       413.89175686883414    -0.013068225997055599     0.053894859585723945       0.0169391776263231       0.8016198467865439       0.9559612017628655
    43       4805.9062059822845       16.458582897199605         False        636.1559353773212      0.41267389752212763       1.7041652132675171      0.25393572576756807    -0.021116264001447643   -8.053331888299504e-06        345.6428961779327  -0.00044113542674749964     0.012323020091843034     0.001217627252403655                      0.0       1.1023310753395419
    44        953.2117438290925       3.2644237802366183          True       386.24006082693336      0.18867074777204706       1.2055282692615474                    0.101    0.0031917434973169926  -1.1253187873114107e-06        328.3395700878609    0.0004725987466332341      0.13508333007469506     0.007673982865936515      0.30477205068061153       1.0741463644996907
    45        870.7176968461266        2.981909920705913          True        333.6598905809933      0.18624493550425592       1.0987756147994894      0.18028982436723617    0.0029461538574734945   -6.915951575808305e-07       369.10762361629116    0.0001756471532807001      0.07261125659061822     0.007474101019646491      0.29521294914435386        1.210601990232643
    46        939.0720597771717       3.2160002047163414          True        355.9308024700458      0.18635956673817552       1.1664409768363324                    0.101    0.0030583448546100483   -8.431818822501838e-07       342.45301763603527   0.00046517952425401224      0.09483262670336487     0.011360211053701651       0.3317681992797187       1.1234482138519621
    47         4569.90989057033       15.650376337569625         False        678.5464469458558      0.45978427327910415       1.3159428205361685       0.2893652217632363    -0.014174348378785276   -8.494526784740061e-07        369.6719599635486   -0.0006374402629357474      0.09659071703535484      0.05281976904251436       0.2184816458298287       1.1870841154392777
    48        862.3967659686717        2.953413582084492          True        392.8979043609893       0.1979776776577165       1.2175938836076998                    0.101     0.002905289363159709   -8.149118608498005e-07        324.9127129304304    0.0004624053303377821      0.09824695287173363      0.01779218551261724      0.31981688621877685        1.063619376695119
    49        897.0928062889695       3.0722356379759233          True       342.43453552607593      0.19872169515645993       1.3069820884329246      0.11666179460288048     0.002952627440493561   -8.028410207898691e-07       314.06161131791447   0.00043136576988234897      0.15364400692760652       0.0064191122189424      0.18250733117730356       1.0201544632726296
    50       2850.5198737271103        9.762054362079144         False        859.2438987943834      0.15210899531138483       3.4517206269429748      0.23166016019707128    -0.019806818403359305   2.0792446093389736e-06       204.14967402878915   -8.896696109971979e-05      0.10624331361671116     0.002295929910180435     0.007028827867455734       0.6477390653316317
    51        1856.826839167667        6.358996024546805         False        513.3095061588397       0.2763534102755302        1.138825346696878      0.27169068499127824   0.00022962085749525838    -1.39910105181608e-06          370.37846142536    -0.000250677665445393      0.15847488813927874      0.06517733280995668       0.3148010625804997       1.2167588203705688
    52       2348.0812731506567        8.041374223118687         False        905.2890290056022      0.26669067646647276         1.17310643204282      0.28497080588921647    -0.008677120312405966     8.36114071532436e-07        353.8323483861991   -0.0008679141642865581      0.39124819637034625     0.036378133323548716       0.5887897767963062        1.170948055318927
    53       2738.0469522020003        9.376873123979452         False         824.128942817198       0.3711624459028238       1.8493571587306477      0.17502640571913614   0.00013551173963943092  -1.4544731650810295e-06        273.7843341925718     0.000536434496277838      0.06019073560567294     0.031061065864488972      0.43901555475841253        0.923142760105337
    54        946.1542317157226       3.2402542182045297          True        318.5456818166713      0.18610945592918832       1.0639540658074047      0.17788798429027003     0.003020646328938577   -7.926488387653524e-07        385.9249053563406   0.00021426226876920042      0.03418761450593667     0.015732836409166905      0.34496880613386915        1.271884356262154
    55       1021.0179611735347       3.4966368533340226          True        388.4455489013578      0.18177927350349704       0.9880203393367868      0.17781727587369983     0.002977728073909392   -1.084974505686008e-06        413.7413238445493    0.0001407348427545723      0.08223962963423705     0.007824918963043654       0.4198288319242315       1.3743228879302827
    56       3730.7929719270883       12.776688260024274         False        857.2457544566054       0.4147708495518467       1.9509203214863629      0.31937842004717787     -0.01416346694382012   -3.720408817273793e-06       272.35505149705364   -0.0004964160941752548      0.18809741157037294      0.04311247314517662      0.17830982421092617       0.8777130227651065
    57        974.4913651312322        3.337299195654905          True        372.6964684980344      0.19135687585633543        1.313037095586239                    0.101    0.0029911154658433113  -1.0931978603720718e-06          305.89398289351    0.0006617716192171519     0.061021781393841866      0.02097097581780034      0.22931352583602443       1.0014144225680448
    58        466807.7016982078       1598.6565126650953         False        713.6878568303899       0.3480643427309072       1.3853086938876267       0.3912148908068087   -0.0003825305549512623   -5.473042377567635e-06       407.26289797333413     0.005994334534843617     0.024300276137412796      0.01630130222901746       0.5808736463952672       0.5476424998444193
    59        955.1668364160878       3.2711193027948213          True       398.59308149086064       0.1908047732271585       1.4182988760482456                    0.101     0.003050563191388415  -1.0187472261143178e-06        278.9572032179448    0.0007789140256385238      0.11989660796209575      0.02278339982398364       0.1823430484082212       0.9092251756677411
    60         2861.16262697317         9.79850214716839         False         724.255576291964      0.34456047082654084       1.2328344211613675       0.2476921213654939    -0.009305053788887982   -9.955877962692437e-08        383.7620055021346   -0.0006548370290877842      0.13671079639384776      0.03581558901496354      0.40645512750906326       1.2499528462485532
    61         933.127356439272       3.1956416316413425          True        382.2904198158101       0.1785907772776773       1.0769097016448548       0.4025479176025331     0.002912216421262312   -9.653809779480262e-07       390.67772418138196    0.0003165333060000725      0.11051265440068686    0.0037979457837582758      0.25568855018609365       1.2941203988384036
    62         967.909862142322       3.3147598018572673          True        387.7876577897266      0.18876853536234625       1.2510593477555574                    0.101    0.0030023364999211804   -9.095892580269153e-07        318.7464660897711    0.0006459245303816954      0.08308545873098526     0.012506609682179974       0.2737277585025552       1.0475311842044788
