nr of obs     total nr obs, corrected for weights       number of params to optimise  post chi squared without ensemble       prior costf without ensemble        post costf without ensemble  post chi squared of member with lowest post costf      prior costf of member with lowest post costf       post costf of member with lowest post costf
      670                                   142.0                                 14                 0.8045638920003382                  4701.969726187161                 125.51196715205276                                 0.8045638920003382                                 4701.969726187161                                125.51196715205276

 optimal state without ensemble:
                       advtheta                     advq                   advCO2               deltatheta               gammatheta                   deltaq                   gammaq                 deltaCO2                 gammaCO2                  sca_sto                    alpha                    FracH                       wg                      R10
         -3.684174127701308e-05   1.0863769135015933e-08     0.001602244797586084       3.1213528482347797    0.0028493054676237183    -0.002138319486752644   -1.206994000866451e-07      -22.419378993137176     -0.06389391561796864       0.8990495579559228       0.2285398294184932      0.34739740932778285       0.5153244153369569       0.6392675715933054
    optimal state with ensemble:
         -3.684174127701308e-05   1.0863769135015933e-08     0.001602244797586084       3.1213528482347797    0.0028493054676237183    -0.002138319486752644   -1.206994000866451e-07      -22.419378993137176     -0.06389391561796864       0.8990495579559228       0.2285398294184932      0.34739740932778285       0.5153244153369569       0.6392675715933054
   index member with best state:
                              0
      post costf parts of member
         with lowest post costf:
                            Tmh                     Tmh2                     Tmh3                     Tmh4                     Tmh5                     Tmh6                     Tmh7                      qmh                     qmh2                     qmh3                     qmh4                     qmh5                     qmh6                     qmh7                    CO2mh                   CO2mh2                   CO2mh3                   CO2mh4                        h                       LE                        H                     wCO2                    Swout               Background
             1.8264796994098704       1.8208645208492622       1.4982150704140302       1.2763772067240828        1.849006898490589       1.7371527225618333        2.089402690392432       0.7388628534177399       0.7354366167544956       0.8465195219531477       1.2645301173529633       1.2532606455204722       1.2000438582677755       2.5441189353893154         0.86436600797078        5.037933500552247        2.089948354546499        3.044210944414368        22.89989950506321        12.29647083130082       12.460056846424788        22.63199115959793       13.919603008018735        9.587215636665329
    chi squared for those parts:
             0.7102976608816163       0.7081139803302687       0.5826391940499007      0.49636891372603226       0.7190582383018955       0.6755593921073797       0.8125454907081677       0.2873355541068988       0.2860031287378593      0.32920203631511297       0.4917617123039301      0.48737913992462806      0.46668372265969044       0.9893795859847337      0.19208133510461778       1.1195407779004993      0.46443296767699976       0.6764913209809706       1.2722166391701784       0.7233218136059305       0.7329445203779287        1.257332842199885       0.7733112782232633       0.6848011169046664
     costf parts prior member 0:
                            Tmh                     Tmh2                     Tmh3                     Tmh4                     Tmh5                     Tmh6                     Tmh7                      qmh                     qmh2                     qmh3                     qmh4                     qmh5                     qmh6                     qmh7                    CO2mh                   CO2mh2                   CO2mh3                   CO2mh4                        h                       LE                        H                     wCO2                    Swout               Background
             17.248026557551782       18.824110652271774       14.204760131466546       13.816467915341232        17.12460348963785       15.320589500423965       16.758676139098064        42.98752371974645         46.4358628935155       45.591701803460474       38.446102666436985       40.086419549448024        42.73629013052733        40.38477997806313        803.8479514959236        927.8859913915712         869.148951801689        785.4014550629131        96.86271389199575       18.103833956195036        86.51571857058134        602.0145911100235       102.22260377927556                      0.0

Normalised deviation from unper-
    turbed prior for best state:
                       advtheta                     advq                   advCO2               deltatheta               gammatheta                   deltaq                   gammaq                 deltaCO2                 gammaCO2                  sca_sto                    alpha                    FracH                       wg                      R10
           -0.06631513429862354     0.019554784443028682       0.3845387514206602      -0.7190981011768137      -0.2502315107920939       -0.669159743376322       0.5396502999566775        0.863224840274513      -2.1297971872656216     -0.40380176817630886     -0.21460170581506788      -0.8420086355740571      0.23549610224637973       1.3642252386443514
     model_variance/obs_variance
                 for best state:
                            Tmh                     Tmh2                     Tmh3                     Tmh4                     Tmh5                     Tmh6                     Tmh7                      qmh                     qmh2                     qmh3                     qmh4                     qmh5                     qmh6                     qmh7                    CO2mh                   CO2mh2                   CO2mh3                   CO2mh4                        h                       LE                        H                     wCO2                    Swout
             0.7630411750616212       0.7585604448478098       0.7528952158164017         0.77268484143987        0.785987321993576       0.7890193203617282         0.84168546109788        0.752753248125524       0.7080335582674744       0.6234152922606564      0.48839638342502056      0.40633053160816485        0.383340977318967      0.21946113732648154       0.8661984832287164       0.5676210783427309       0.5779615975202609       0.6596116976760379        1.107127008983238        0.986229085830266        1.315760290131961       0.5143639649505598        2.095461320820651
     model_variance/obs_variance
                      for prior:
                            Tmh                     Tmh2                     Tmh3                     Tmh4                     Tmh5                     Tmh6                     Tmh7                      qmh                     qmh2                     qmh3                     qmh4                     qmh5                     qmh6                     qmh7                    CO2mh                   CO2mh2                   CO2mh3                   CO2mh4                        h                       LE                        H                     wCO2                    Swout
             1.4556823685134315       1.4487155588616758        1.421810109543041       1.4259517894237221        1.439685646170361       1.4344439291757736        1.505064327471181      0.35254865282454323      0.33160438396426756      0.32765369090129004       0.3508790428636954      0.43399278723304857       0.5231372516020701       0.5144300956894109        5.728066210383756       3.7536098043455883       3.8402573539707694        4.547803136424289       0.5243800861643686       0.6912925180345623       0.9973487954667946       0.3422080633103976        2.507470708132561
        Mean bias error(mod-obs)
                 for best state:
                            Tmh                     Tmh2                     Tmh3                     Tmh4                     Tmh5                     Tmh6                     Tmh7                      qmh                     qmh2                     qmh3                     qmh4                     qmh5                     qmh6                     qmh7                    CO2mh                   CO2mh2                   CO2mh3                   CO2mh4                        h                       LE                        H                     wCO2                    Swout
            0.08913410757577868      0.14353804348605764     0.026143347819488228      0.03125334265676786       0.1426236448734986      0.09621410826076726       0.1722590078703803   -8.181453308459424e-06   2.1290368958804706e-05   7.6256253333589215e-06   -8.281599161348711e-05   -7.611421406857459e-05   -4.863579986096057e-05  -0.00013784821422626323      0.18522531290491884      -2.2147746870950775       -1.365676601417609       0.5229663909162715      -27.579541698378932       -4.364745405551837      -1.1273729092923015     0.007716212307617955        4.971225481362758
 Mean bias error prior(mod-obs):
                            Tmh                     Tmh2                     Tmh3                     Tmh4                     Tmh5                     Tmh6                     Tmh7                      qmh                     qmh2                     qmh3                     qmh4                     qmh5                     qmh6                     qmh7                    CO2mh                   CO2mh2                   CO2mh3                   CO2mh4                        h                       LE                        H                     wCO2                    Swout
              0.763395694087729       0.8104803189197242       0.6891555864392379       0.6755320652087562        0.763916461201878       0.7133998678309451       0.7456961116983981    0.0008421104693759071    0.0008715822916431712    0.0008567669038214207    0.0007574431419333291    0.0007637607247808351    0.0007948228978441833    0.0007175849707018268       -18.23390322069177      -20.633903220691764      -19.815808531521252       -18.23842498487022       -214.8224045315225       7.0884597450939415      -24.797043241604346      -0.4821083646358675       15.973747415820666
         Root mean squared error
                 for best state:
                            Tmh                     Tmh2                     Tmh3                     Tmh4                     Tmh5                     Tmh6                     Tmh7                      qmh                     qmh2                     qmh3                     qmh4                     qmh5                     qmh6                     qmh7                    CO2mh                   CO2mh2                   CO2mh3                   CO2mh4                        h                       LE                        H                     wCO2                    Swout
             0.2861247970800537      0.29633363272432733       0.2586744949043685      0.24241302035898507      0.29416593816732217       0.2819696489289983      0.30657656998236094    0.0001242765689083889   0.00012433805934587735   0.00013326703129743273   0.00017064873305046128   0.00017359352399213757   0.00016703526744370805   0.00025456840455301207       0.7124228581239163        2.778438403962244       2.0877668357425776       1.3423869866681752       131.53762310728604       18.468928438250828       13.053757642143546      0.10168235151409288       10.209915206890289
         Root mean squared error
                      for prior:
                            Tmh                     Tmh2                     Tmh3                     Tmh4                     Tmh5                     Tmh6                     Tmh7                      qmh                     qmh2                     qmh3                     qmh4                     qmh5                     qmh6                     qmh7                    CO2mh                   CO2mh2                   CO2mh3                   CO2mh4                        h                       LE                        H                     wCO2                    Swout
             0.8280850799999631       0.8683203397493081       0.7513766219166825       0.7414000240570066       0.8267592135355925       0.7809138452779499       0.8154676211087449    0.0009218752949041108    0.0009591322033328267    0.0009493076160014564    0.0008697652768448409    0.0008865559215916481     0.000915942698540586    0.0008897028452177056        19.69252142800549        21.52800974465272       20.774100255047394        19.50612764020492       270.52756164074236        22.28133371366641        33.40722215308931      0.49415858093984955        18.82942195348612

  estim post state covar matrix:
                                                advtheta                     advq                   advCO2               deltatheta               gammatheta                   deltaq                   gammaq                 deltaCO2                 gammaCO2                  sca_sto                    alpha                    FracH                       wg                      R10
                       advtheta    2.996355874295261e-10   -4.093234991828778e-13   -2.640287467790545e-09   -7.312739776155402e-06   2.1830505810783564e-09       8.269438226082e-09   3.1334297495389613e-12    8.692914430751992e-05  -4.3889816112379605e-08    2.510604120307935e-07   3.2785252781614793e-09  -2.3345291637311204e-07   2.1553773380893107e-07   1.2713695703294925e-07

                           advq   -4.093234991828778e-13   1.9492228647538703e-15    4.083388260831319e-12    4.601115026926257e-09   1.0597290509646757e-11  -1.5558559972408074e-11   -6.760057882264428e-14   -4.712997077344057e-08  -1.1572870225310394e-10   2.0697511478084276e-10    5.973074085452974e-12   1.2241258691036233e-10   -3.986332062375021e-10   1.2986094393323728e-10

                         advCO2   -2.640287467790545e-09    4.083388260831319e-12   2.7086216728271287e-07    8.178730952392256e-05   -7.729483640393406e-08    -9.55526484529851e-08   3.1900202628742925e-11    -0.002360160672400791   -8.488200717646042e-06  -1.1836053289664079e-06    6.700198300411381e-08   2.4021368926783377e-06   -2.763739623217758e-06  -1.1210567318482554e-06

                     deltatheta   -7.312739776155402e-06    4.601115026926257e-09    8.178730952392256e-05        0.236481917043621  -0.00018852599150253092  -0.00022351103254133721    2.696887330481382e-07       -2.843011768060066    0.0021484906680465225   -0.0021931234160772043   -9.833786109929311e-05    0.0030390833265631933    -0.003649713045074171   -0.0012855675503058866

                     gammatheta   2.1830505810783564e-09   1.0597290509646757e-11   -7.729483640393406e-08  -0.00018852599150253092   3.7260216386369006e-07    9.720874335688483e-08   -8.466080296717488e-10    0.0022949995957383352  -2.3792976255013656e-06  -3.5121417895843258e-06    4.883736764789344e-08    1.063110283984233e-06    -2.46818063547354e-07  -1.3900967265357263e-06

                         deltaq       8.269438226082e-09  -1.5558559972408074e-11    -9.55526484529851e-08  -0.00022351103254133721    9.720874335688483e-08    3.126106640658686e-07   1.0999840869339576e-10    0.0026415416415484856   -8.442434476278503e-07   -1.705624835970693e-06    5.727353886634624e-08   -1.846910300667596e-06    5.649928268322847e-06   -7.546307328775297e-07

                         gammaq   3.1334297495389613e-12   -6.760057882264428e-14   3.1900202628742925e-11    2.696887330481382e-07   -8.466080296717488e-10   1.0999840869339576e-10   3.3889915590337576e-12  -3.6091903896018252e-06    7.384385183825689e-09   -8.194992003556469e-09  -3.5178560662843335e-10    2.355554973215243e-10     5.84135361822045e-09  -5.4770434967904075e-09

                       deltaCO2    8.692914430751992e-05   -4.712997077344057e-08    -0.002360160672400791       -2.843011768060066    0.0022949995957383352    0.0026415416415484856  -3.6091903896018252e-06        49.06453759533717     0.012213677596478314     0.021186386947414777   0.00035283613378949384     -0.04483123122279272     0.054491147434310404     0.013305279115381733

                       gammaCO2  -4.3889816112379605e-08  -1.1572870225310394e-10   -8.488200717646042e-06    0.0021484906680465225  -2.3792976255013656e-06   -8.442434476278503e-07    7.384385183825689e-09     0.012213677596478314     0.000415972331350854   4.4202620945498715e-05  -3.5373232284469166e-06  -3.5123919117419715e-05   2.0698938799563384e-05   4.1447767263516574e-05

                        sca_sto    2.510604120307935e-07   2.0697511478084276e-10  -1.1836053289664079e-06   -0.0021931234160772043  -3.5121417895843258e-06   -1.705624835970693e-06   -8.194992003556469e-09     0.021186386947414777   4.4202620945498715e-05     0.004098785010876416    2.030885936675153e-06   -0.0014183861423264846    -0.002105352062239101    0.0020839731297218923

                          alpha   3.2785252781614793e-09    5.973074085452974e-12    6.700198300411381e-08   -9.833786109929311e-05    4.883736764789344e-08    5.727353886634624e-08  -3.5178560662843335e-10   0.00035283613378949384  -3.5373232284469166e-06    2.030885936675153e-06    1.963668001133437e-06   2.6608281210747903e-06   -2.990999268850686e-06   1.1549539892915087e-06

                          FracH  -2.3345291637311204e-07   1.2241258691036233e-10   2.4021368926783377e-06    0.0030390833265631933    1.063110283984233e-06   -1.846910300667596e-06    2.355554973215243e-10     -0.04483123122279272  -3.5123919117419715e-05   -0.0014183861423264846   2.6608281210747903e-06    0.0015261308746734432  -0.00028784484044429797   -0.0007142485307206493

                             wg   2.1553773380893107e-07   -3.986332062375021e-10   -2.763739623217758e-06    -0.003649713045074171    -2.46818063547354e-07    5.649928268322847e-06     5.84135361822045e-09     0.054491147434310404   2.0698938799563384e-05    -0.002105352062239101   -2.990999268850686e-06  -0.00028784484044429797     0.004452974323678839   -0.0010663841068365811

                            R10   1.2713695703294925e-07   1.2986094393323728e-10  -1.1210567318482554e-06   -0.0012855675503058866  -1.3900967265357263e-06   -7.546307328775297e-07  -5.4770434967904075e-09     0.013305279115381733   4.1447767263516574e-05    0.0020839731297218923   1.1549539892915087e-06   -0.0007142485307206493   -0.0010663841068365811    0.0011969708367037977

   estim post state corr matrix:
                                                advtheta                     advq                   advCO2               deltatheta               gammatheta                   deltaq                   gammaq                 deltaCO2                 gammaCO2                  sca_sto                    alpha                    FracH                       wg                      R10
                       advtheta                      1.0      -0.5355983533744103      -0.2930760592785271      -0.8687292696985793       0.2066067069345132       0.8544318254961367      0.09833044903725384       0.7169433703145301     -0.12431823703222497       0.2265447338099949      0.13515988342719326      -0.3452285609749392      0.18659565230498773      0.21229185480815577

                           advq      -0.5355983533744103                      1.0      0.17771159010025459      0.21430552783406973      0.39322525719595297      -0.6302846859744418      -0.8317339373856178     -0.15239915773046855     -0.12852218857378261      0.07322507309766775      0.09654574125726274      0.07097402547323567     -0.13530617862273434      0.08501704820290776

                         advCO2     -0.29307605927852715       0.1777115901002546                      1.0       0.3231564128327019     -0.24330644959657646     -0.32837240967908066     0.033295383656934185      -0.6474161662608378      -0.7996671282991762     -0.03552263452363541      0.09187121293737853      0.11814835778113221     -0.07957888593533029     -0.06226036060322001

                     deltatheta      -0.8687292696985793       0.2143055278340697       0.3231564128327019                      1.0      -0.6351109178105818      -0.8220497501454618      0.30125106491291953      -0.8346335411540565      0.21662186017287136     -0.07044278756624829     -0.14430711943585128      0.15997339069695926     -0.11246947184261233      -0.0764106947294893

                     gammatheta       0.2066067069345132      0.39322525719595297     -0.24330644959657646      -0.6351109178105819       0.9999999999999998       0.2848267327351743      -0.7533979832352657        0.536754966905771     -0.19111459864304656     -0.08987145742067741     0.057094665031938004      0.04458202013756755    -0.006059393529613372     -0.06582343612418229

                         deltaq       0.8544318254961367      -0.6302846859744418      -0.3283724096790807      -0.8220497501454619       0.2848267327351742                      1.0      0.10686838942835714       0.6744840929733973     -0.07403440357674902    -0.047649028138203715      0.07310012042718461     -0.08455669889499369      0.15143140230041435     -0.03901133469132512

                         gammaq      0.09833044903725384      -0.8317339373856178     0.033295383656934185      0.30125106491291953      -0.7533979832352657      0.10686838942835714                      1.0      -0.2798921341477082         0.19667396644877       -0.069532160007326     -0.13636684448951258      0.00327538315603539      0.04755028878797782     -0.08599420022235876

                       deltaCO2         0.71694337031453     -0.15239915773046855      -0.6474161662608378      -0.8346335411540566        0.536754966905771       0.6744840929733973      -0.2798921341477082                      1.0      0.08549296408282278      0.04724387101992811      0.03594638057052664     -0.16383282574196814       0.1165781079433121      0.05490328748095016

                       gammaCO2     -0.12431823703222496     -0.12852218857378261      -0.7996671282991761      0.21662186017287136     -0.19111459864304653     -0.07403440357674902      0.19667396644876997      0.08549296408282278                      1.0     0.033852303771955736     -0.12376803395788638     -0.04408337708625508     0.015208653410223589       0.0587390791593387

                        sca_sto      0.22654473380999487      0.07322507309766775     -0.03552263452363542     -0.07044278756624828     -0.08987145742067741    -0.047649028138203715       -0.069532160007326      0.04724387101992811     0.033852303771955736                      1.0     0.022637263754513973      -0.5671148514462868      -0.4928015497430047       0.9408551374211178

                          alpha      0.13515988342719326      0.09654574125726274      0.09187121293737854     -0.14430711943585128     0.057094665031938004      0.07310012042718461     -0.13636684448951258      0.03594638057052665     -0.12376803395788638     0.022637263754513977       0.9999999999999999      0.04860566629869239    -0.031985797234033754     0.023822584005030133

                          FracH      -0.3452285609749392      0.07097402547323567      0.11814835778113221       0.1599733906969593      0.04458202013756755     -0.08455669889499369    0.0032753831560353897     -0.16383282574196814     -0.04408337708625508      -0.5671148514462867      0.04860566629869239       0.9999999999999998     -0.11041738675591407      -0.5284594662337415

                             wg       0.1865956523049877     -0.13530617862273434     -0.07957888593533027     -0.11246947184261231    -0.006059393529613371      0.15143140230041438      0.04755028878797782       0.1165781079433121     0.015208653410223587      -0.4928015497430048     -0.03198579723403375     -0.11041738675591409                      1.0     -0.46189874654993734

                            R10       0.2122918548081558      0.08501704820290776        -0.06226036060322      -0.0764106947294893     -0.06582343612418229     -0.03901133469132512     -0.08599420022235876      0.05490328748095016       0.0587390791593387       0.9408551374211178     0.023822584005030137      -0.5284594662337416     -0.46189874654993734                      1.0

  Mean posterior state elements:
                       advtheta                     advq                   advCO2               deltatheta               gammatheta                   deltaq                   gammaq                 deltaCO2                 gammaCO2                  sca_sto                    alpha                    FracH                       wg                      R10
         -1.938250780209372e-05    -4.52581585057197e-09     0.001348086930790583        2.404856135591479      0.00367047570375447    -0.001167982103180733   -1.700660595402245e-06      -15.188595666371581     -0.06773770369493662       0.9112662260720757      0.22877853064810474      0.35548806925085963      0.48945672068504686       0.6467592141994988

 post/prior variance rat ensemb:
                       advtheta                     advq                   advCO2               deltatheta               gammatheta                   deltaq                   gammaq                 deltaCO2                 gammaCO2                  sca_sto                    alpha                    FracH                       wg                      R10
          0.0009705352713951531     0.007365494643053502     0.013601718655114647       0.1391468181311954      0.07018299106919935      0.08243256376107651       0.7678602647404974      0.07799775796977408       0.5533982577586883      0.06413195121516214   0.00021558500476647055     0.027698163430647727       0.8249635046262896     0.025223191352294397

Nr of success mems (excl mem 0):
                            150

     optimised ensemble members:
number            minimum costf              chi squared    successful                 advtheta                     advq                   advCO2               deltatheta               gammatheta                   deltaq                   gammaq                 deltaCO2                 gammaCO2                  sca_sto                    alpha                    FracH                       wg                      R10
     0       125.51196715205276       0.8045638920003382          True   -3.684174127701308e-05   1.0863769135015933e-08     0.001602244797586084       3.1213528482347797    0.0028493054676237183    -0.002138319486752644   -1.206994000866451e-07      -22.419378993137176     -0.06389391561796864       0.8990495579559228       0.2285398294184932      0.34739740932778285       0.5153244153369569       0.6392675715933054
     1       249.51645235596584       1.5994644381792682          True   -5.709542402685621e-06   -3.605562426496284e-08    0.0009466479737393195       2.6435380958731125    0.0026122727651756517    -0.001380084881167601    5.597594868781571e-07      -13.307512049256879    -0.048535032231422054       1.0081700859839542      0.22992648982863542      0.30733450935200723       0.5076025933045036       0.7056322604335046
     2       248.18750707072692       1.5909455581456855          True   -1.985379946670404e-05   4.3630776746414046e-08    0.0009644621712770597          2.2685469642786    0.0036520766461527066   -0.0012514129490315859  -3.4393689258500173e-06      -11.168505179473359    -0.052553140327494786       0.9942683684031972        0.229058157575529       0.3530974272127811      0.35996293541372115       0.7073177716713079
     3       339.50134682833954       2.1762906847970482         False  -5.8886852444507606e-05   2.9169806602969324e-08   -3.187159763613327e-06        2.829747711915633     0.006173447181527841   -0.0026391687656855145  -1.6038345514017027e-06       -5.574327732900654    -0.032223691775004434       0.8174381622199824       0.2283177758073363        0.380394128820413       0.5838582612455989       0.6164738859885075
     4       14524.167402681145          93.103637196674         False   3.7297761825188564e-06   -5.418593722419091e-07    0.0034106568004254193        5.775465156898871    0.0036824601783632706    0.0006878998408200443    2.227183679409752e-06       -77.10885268852294    -0.010369799290043984       0.8985460030782784      0.26031746798189354       0.5160058115700855       0.5789069678295462       0.9930893663943952
     5        255.8204240889297        1.639874513390575          True  -1.2191309932500043e-06   1.3094227633629615e-08    0.0010204323925610801       1.7382022519031577     0.004261682462920162   -0.0008701985334731247  -3.0880037003226626e-06      -2.2723230164080603     -0.08032470521187064       0.9255300344979276      0.22704047760703128      0.34814240418291714       0.5237091176377555       0.6619964094395652
     6       254.43716486589645       1.6310074670890797          True  -3.4892526547407954e-05   5.0605092663562896e-08    0.0008614488692984702        2.347487707112129     0.004811665732184525    -0.001510328505820171   -4.277693937397921e-06      -14.918972758621113    -0.046759748726429164       0.9378203996867258       0.2272642594080833       0.3748139642400863      0.40693861644983814       0.6458982253103622
     7       285.21318182721154         1.82828962709751          True  -2.1398366400986236e-05  -2.6141970316287443e-08    0.0014159314837096481        2.653881885669066     0.003122938193532929   -0.0013309549587032204   -9.247175411679278e-08      -17.919661613877185     -0.06390765443695337       0.8813300058149747      0.22691702085963178       0.3255516547029693       0.5091612616535178       0.6228536935682483
     8       250.36369419621005        1.604895475616731          True    5.585414046698451e-06   -1.083080028823503e-08     0.001594027300823925       1.6646826910987769     0.003818355693236939   -0.0004459915604792734   -2.585185400789136e-06       -7.363850022650259     -0.09005802341366241       0.9742168525673787      0.22894286116623927      0.32282239148047026       0.3875628038375517       0.6736834787697044
     9        289.7479504433382       1.8573586566880653          True   -2.019661293312617e-05    5.272886716237806e-09    0.0018881080607230773       2.6660270055060082    0.0035325343516641626    -0.001355753376314403   -2.189599236712901e-06      -24.943474280543963     -0.07563003069013058       1.0707094540611632      0.23053667322084226        0.318867271719965      0.44916763971963725       0.7274263501060387
    10       241.81455915494206       1.5500933279162952          True  -1.7554968399157435e-05   -3.234265494145428e-08    0.0018459241351677334        2.575291934169705    0.0030293498213018284   -0.0011397902978791978   -6.420507807761005e-08      -19.265755023005052     -0.08220622603533685       0.8834724771995544      0.23065357701457495      0.39581157356867236       0.5152031235160732       0.6281062904413721
    11       265.92302664689527       1.7046347861980466          True    3.507024238676708e-06   -3.194611916770656e-08     0.001188901675349149       2.1396297088811354     0.003368813890465322   -0.0008532397990822518   -9.429651326089663e-07       -11.62355305040072        -0.06376282630629       0.9183664719507603      0.23057290002448408      0.29686074965787046       0.5807637837357025       0.6443896773507536
    12       242.43775807020782       1.5540881927577423          True   -3.570048690048446e-05     4.05556433509427e-08    0.0009834347961131286        2.507092734265614     0.004464563729152051    -0.001265453802284949    -4.35451222287419e-06      -12.694756960558099     -0.05912422769918918       0.8768819871408187       0.2276779405219327      0.37446030741459446       0.5148819596343341       0.6228820429937869
    13       249.27925357799376       1.5979439331922676          True  -1.4389347804615255e-05   2.9352140573831273e-08    0.0008658343779231582       2.1574177338001763    0.0040162856704495905   -0.0011708148287638425   -3.321629503170213e-06      -10.350295244839328     -0.05320421544174661       0.9181970021142061      0.22862274508416286      0.36688715216975065       0.4800868429407138       0.6755625320621981
    14       273.58928460640436        1.753777465425669          True  -3.1491400958143736e-05   -6.981172082260886e-08    0.0014674418288393603       2.9696754017273603    0.0026926693060830478   -0.0010500780423058295    1.586911617096645e-06       -23.36078766370509    -0.052957173920392564       0.8804515774245742      0.22764931313441372      0.41654613157705034      0.42339162269026104       0.6147034291385483
    15        41889.79974720198        268.5243573538588         False   -0.0002043510121426378   -9.936977894344214e-07   -0.0023069321675411123       3.2942344441937865    0.0027573613335672978   -0.0004439117244059239  -1.5662003404722659e-06        8.507856613843137   -0.0006023360640506838        1.245239812959316       0.2281778738181655       0.4085583451299773      0.47825440607731623       0.3654682441060828
    16       268.55236525791696        1.721489520884083          True  -1.5055324806926554e-05    4.853358486724771e-10    0.0019040548230607683       2.4965786190677033      0.00315323209872982   -0.0011593393196704977  -1.7062088847220572e-06       -17.50774861939246     -0.08718782013394452       1.0044349600734304      0.22895457527780805      0.29299334625367607      0.42728961032880935        0.709279742535232
    17       287.55528197513564       1.8433030895842029          True    5.313085192000074e-06  -5.5278577347517954e-08    0.0013188386404860482       2.0981381233944463    0.0032570381783481404   -0.0005857552366513393   -4.810023761404327e-07       -14.00443822393615     -0.06546204026870132        0.965168812226052      0.22730079874738782      0.25330375363854685       0.5619798729224104       0.6762375512780388
    18        293.2319469559474       1.8796919676663297          True   -1.906138110161081e-05    5.031730249612207e-09     0.001479613452796036       2.5392912538599277     0.003453492135473286   -0.0012703578688263487  -2.0536200227497073e-06      -15.132298266214564     -0.07390568159721768       1.0021642070443757       0.2287837294266185       0.3275557315514005      0.44079654358282583       0.6947841311286149
    19       249.02873907881064        1.596338071018017          True    1.089044690797496e-05  -4.3653589807563534e-08    0.0006223732688325694        1.561369491101884    0.0041942325336838705  -0.00030993067782715187  -1.7396137185389461e-06       -7.938938882735187     -0.04379896364798847       0.8622391530580742      0.22799986520312276      0.32564358188569936       0.5601200929863142       0.6267373533777354
    20         276.373844971385        1.771627211355032          True   -8.294662446718624e-06   -9.548025599471592e-09    0.0012474873298089773       1.8000289957367313    0.0047830032610729585   -0.0006505717974762009  -3.2910524369790447e-06       -9.522786380300188     -0.08328306105463223        0.958557477950063      0.22729749881411135      0.31898517873175636       0.4942898992481162       0.6705017717318951
    21       300.71755336338197       1.9276766241242433          True   -3.128226021606495e-05    6.887052118508008e-08    0.0016964086762953823        2.434780473017813     0.004090231077760617    -0.001395403902502268    -4.81862298008993e-06       -17.79395558133164     -0.07670941995257541       0.8569545701662837      0.23052956681822415      0.42994793750680643       0.5886607168412088       0.6057859722149805
    22        299.2318775030376       1.9181530609169077          True  -2.8025613299942095e-05   -4.497666413319047e-08    0.0010032377096384998        2.568586166896176    0.0034447651927481133    -0.000790221976136545   -3.555391823147482e-07      -16.020336269046123      -0.0487486074152603       0.9342961802235699      0.22678672356936844      0.40275775032691913       0.3340074343801336       0.6469473009342099
    23        269.5004468478859       1.7275669669736275          True   -3.562658538188625e-05    3.276152263068538e-08    0.0011953301481758716       2.7825388848697057     0.003530720201458862   -0.0017932987123096436  -2.0697071478409835e-06      -15.585925923380694     -0.05592471899473808       0.9556590917517442      0.22986180922769384        0.335589666868795      0.36829277210261957        0.657355647832012
    24        267.7739388560624        1.716499608051682          True   -5.189153579470033e-05  -3.0766172194286794e-08    0.0009755064008333458       3.8471965757677937    0.0018268041236080765    -0.002095082101724821   1.9546981980558103e-06      -20.261118262343928     -0.03406967079734014       0.8722647113323774      0.22800318514832668       0.3817383668006826       0.5210262052181396       0.6280733740205076
    25        273.3728125767903       1.7523898242101943          True  -2.4565213209794132e-05  -1.2849393504503022e-08     0.001069231288424009       2.6262030295515055    0.0035407807726618532   -0.0013715740872373653    -9.55876973857978e-07      -16.141543664551964     -0.05477199029660311       0.9240750206115054      0.22894019810782706      0.34790127784166924       0.5148901381539128       0.6619551272540516
    26       238.30771199680157       1.5276135384410356          True  -4.6309219284491146e-07  -2.0499508671622555e-08    0.0014070015478847458       1.5236709125761094     0.004586372714251238   -0.0004526861553148318  -2.4667618325958723e-06       -8.231355911992752     -0.08810066495812828       0.8194731562474951       0.2284474203592719       0.4131103627334065       0.4510605941261169       0.5810116997376058
    27       255.47786263028792       1.6376786066044098          True  -1.2988553483458215e-05  -1.3205525104107089e-08    0.0006692814536573588       2.2122438098632355    0.0038160858436343354   -0.0010775329131395308   -1.426045679309385e-06        -8.20227483206607      -0.0526066027956505       0.9525307244928993      0.22955543215053054      0.34225701192082547      0.46850786378586157       0.6797575862760867
    28        299.8164034892432       1.9219000223669436          True   -2.092829517767148e-05   3.5812378398781363e-09    0.0019285100300086072       2.5182108185070318    0.0034351083986646144    -0.001276066774110967  -1.8513596077519614e-06      -21.170924138728363     -0.08118652771387339       0.9717892566750332      0.22979768728262823      0.36815187295561924      0.41200328285469157       0.6916755204376317
    29         270.238442540473       1.7322977085927755          True  -2.3326936577004743e-05   1.3612402720814509e-08    0.0014359567311672422       2.2178045494058862     0.004086593579039079    -0.001240573139439445   -2.424815878133888e-06      -12.671946641603771      -0.0782228682389732       0.8560167014862923      0.22666981597128633      0.39822137650240674      0.47047958707603815       0.6518889287484404
    30           269.5295115868       1.7277532794025643          True   -3.459447492267042e-05   2.3881447637089936e-08     0.001262534709186931        2.581621282180903     0.004181763839430229    -0.001233629305012897  -3.4006560360830385e-06      -15.420700701913928     -0.06911862099693317         0.93239253755655      0.23221838639068018      0.35636856080774365      0.40613468930765173       0.6384055252942664
